info:
  board_width: 6
  board_height: 8
  board_square_width: 19.2000008
  board_square_height: 20.8999996
  image_width: 2448
  image_height: 3264
camera_matrix:
  - 12976.898407955779
  - 1252.8558122367506
  - 16971.723912944351
  - 1587.8394872987899
dist_coeffs:
  - 5.2984454599618633
  - -271.04568731118661
  - 0.067026273205176568
  - -0.012808618324852838
  - -8.9611056863106331
avgErr: 10.892889655136765